0.004765
0.004755
0.004745
0.00474
0.00475
0.00475
0.004755
0.00474
0.00473
0.00472
0.004735
0.004735
0.004735
0.004715
0.00472
0.004715
0.004715
0.00472
0.00472
0.004735
0.00473
0.00473
0.004725
0.00475
0.004755
0.004765
0.00476
0.00477
0.004785
0.004805
0.004815
0.00482
0.004825
0.00482
0.00483
0.004855
0.00487
0.004865
0.004865
0.00486
0.004865
0.00488
0.004885
0.004875
0.00488
0.004875
0.00488
0.004895
0.0049
0.00488
0.00488
0.00487
0.00488
0.004905
0.004905
0.004895
0.004885
0.004885
0.004875
0.00489
0.00489
0.004895
0.00488
0.004865
0.00487
0.00488
0.00488
0.00487
0.00486
0.004855
0.00485
0.004855
0.00487
0.004855
0.004845
0.00485
0.004845
0.00486
0.00487
0.004865
0.004865
0.004855
0.004855
0.004855
0.004865
0.00485
0.004835
0.004825
0.004835
0.004845
0.004845
0.004845
0.00483
0.004825
0.004825
0.00483
0.004845
0.00484
0.004825
0.004825
0.00482
0.004825
0.004825
0.00483
0.004825
0.004825
0.004835
0.004835
0.004845
0.00485
0.00484
0.004855
0.00486
0.004885
0.004895
0.004895
0.00489
0.004895
0.00489
0.00492
0.004925
0.00494
0.004945
0.004935
0.00495
0.00497
0.004975
0.004955
0.004945
0.00493
0.00493
0.00496
0.004975
0.00497
0.004965
0.00498
0.005
0.00501
0.00497
0.00493
0.004905
0.00489
0.004865
0.00488
0.00485
0.004835
0.00483
0.00482
0.00483
0.00483
0.004835
0.00483
0.004825
0.004805
0.004815
0.004825
0.00482
0.00482
0.004815
0.00479
0.00481
0.00482
0.004825
0.00482
0.004805
0.0048
0.004815
0.004815
0.00481
0.00481
0.004785
0.00477
0.004725
0.0047
0.00467
0.00463
0.004605
0.004635
0.004765
0.004965
0.00514
0.00537
0.00567
0.005965
0.00616
0.00622
0.00607
0.005695
0.005195
0.0048
0.004635
0.00466
0.004745
0.00478
0.004765
0.00474
0.00475
0.00476
0.004765
0.004765
0.004755
0.00474
0.004755
0.004745
0.004745
0.004745
0.004725
0.004725
0.004725
0.00475
0.00475
0.00475
0.004745
0.00474
0.004745
0.004755
0.00476
0.004755
0.00475
0.004735
0.004735
0.00475
0.00476
0.004755
0.004755
0.004745
0.00474
0.00475
0.00474
0.004745
0.00473
0.004735
0.00474
0.004735
0.00476
0.004745
0.00474
0.004735
0.004745
0.004765
0.004755
0.004745
0.004755
0.00474
0.00475
0.00475
0.00477
0.004755
0.00477
0.004745
0.00475
0.00476
0.00476
0.004755
0.00475
0.004735
0.00474
0.004745
0.00476
0.004745
0.004745
0.004725
0.004735
0.004745
0.00475
0.00474
0.00473
0.00473
0.00473
0.004745
0.004755
0.00475
0.00475
0.004745
0.004755
0.004755
0.004765
0.00476
0.00476
0.004755
0.00476
0.00477
0.0048
0.004805
0.004805
0.004815
0.004835
0.004845
0.004855
0.00485
0.00486
0.00486
0.00488
0.004885
0.0049
0.004895
0.00489
0.004895
0.004895
0.00491
0.004905
0.004905
0.0049
0.00489
0.004895
0.0049
0.0049
0.004905
0.0049
0.004895
0.0049
0.004895
0.004905
0.00489
0.00487
0.004875
0.004895
0.004895
0.0049
0.004895
0.00489
0.00488
0.00489
0.004905
0.0049
0.00488
0.00489
0.004875
0.004875
0.00488
0.00488
0.004865
0.00487
0.00485
0.004865
0.004875
0.00487
0.004855
0.00484
0.00483
0.004835
0.00485
0.00484
0.004845
0.004845
0.004825
0.00484
0.004835
0.004855
0.00485
0.00484
0.00483
0.00485
0.00486
0.00486
0.00485
0.004835
0.00484
0.00483
0.004855
0.004855
0.004855
0.004845
0.00484
0.00486
0.00486
0.004865
0.00486
0.004845
0.00484
0.004855
0.004885
0.00489
0.004895
0.004885
0.00489
0.004905
0.00493
0.004935
0.00494
0.00495
0.00495
0.00497
0.004975
0.005
0.004995
0.005
0.004975
0.00496
0.004965
0.00497
0.004975
0.004965
0.00496
0.00496
0.00497
0.00501
0.005015
0.005
0.00495
0.00494
0.004925
0.004925
0.00491
0.00489
0.004865
0.00487
0.004865
0.004865
0.004845
0.004845
0.004845
0.004835
0.004845
0.004855
0.00485
0.004835
0.00482
0.00482
0.004825
0.004835
0.004825
0.00481
0.004805
0.00482
0.004815
0.004835
0.004835
0.004835
0.004815
0.00481
0.00478
0.004745
0.00471
0.004665
0.004615
0.00461
0.004695
0.004825
0.00495
0.00505
0.00516
0.005345
0.005575
0.00584
0.00604
0.006165
0.00622
0.006155
0.00589
0.005465
0.00504
0.004755
0.004665
0.00472
0.004795
0.00483
0.00481
0.004785
0.00478
0.004785
0.004785
0.00479
0.004775
0.00477
0.004765
0.004775
0.00478
0.00479
0.00478
0.00477
0.004755
0.00476
0.004775
0.0048
0.00479
0.004785
0.004785
0.00479
0.00479
0.004795
0.00479
0.004775
0.004755
0.00476
0.004775
0.004785
0.004775
0.00475
0.00475
0.00476
0.004775
0.00477
0.004765
0.004765
0.00475
0.00474
0.004765
0.00475
0.00475
0.00476
0.00476
0.00476
0.004775
0.00478
0.00477
0.004765
0.004755
0.00476
0.00477
0.00477
0.004765
0.00475
0.004755
0.00476
0.00476
0.004765
0.00476
0.00474
0.004745
0.004735
0.00474
0.00475
0.004745
0.00474
0.00473
0.00474
0.004735
0.004735
0.004745
0.004745
0.00474
0.00475
0.004745
0.004735
0.00474
0.00473
0.004735
0.00476
0.00477
0.004775
0.004775
0.004775
0.00478
0.004795
0.004825
0.00483
0.004825
0.004835
0.004835
0.00485
0.004865
0.00486
0.00486
0.00486
0.00484
0.004855
0.00487
0.00489
0.00489
0.00489
0.004875
0.00487
0.00487
0.00488
0.00488
0.00487
0.00486
0.00487
0.004885
0.0049
0.004895
0.004875
0.004865
0.004865
0.004865
0.00486
0.004865
0.00484
0.00483
0.00485
0.00485
0.00488
0.004865
0.004845
0.004845
0.00485
0.00485
0.004855
0.00485
0.004845
0.00484
0.004835
0.00484
0.00484
0.004825
0.004805
0.0048
0.00481
0.004825
0.00482
0.004825
0.00483
0.0048
0.0048
0.0048
0.0048
0.004815
0.00481
0.004805
0.00481
0.00482
0.00482
0.00482
0.0048
0.004785
0.004795
0.004815
0.00481
0.00481
0.004805
0.0048
0.00481
0.00482
0.004825
0.00482
0.004805
0.00481
0.004805
0.0048
0.004825
0.004815
0.00481
0.0048
0.00481
0.004825
0.00484
0.00484
0.004845
0.004855
0.00486
0.00489
0.004895
0.004905
0.00489
0.00489
0.004905
0.004915
0.00494
0.004935
0.004925
0.004915
0.004925
0.00492
0.00493
0.00491
0.0049
0.004895
0.004925
0.004925
0.00493
0.00492
0.00492
0.004935
0.00495
0.00496
0.004945
0.00491
0.00489
0.004865
0.004855
0.004835
0.00483
0.00483
0.004805
0.004795
0.004795
0.0048
0.0048
0.004795
0.00478
0.00477
0.004775
0.004775
0.00479
0.00479
0.004795
0.00478
0.00478
0.00478
0.004795
0.00479
0.004785
0.004775
0.00478
0.00479
0.0048
0.0048
0.00479
0.004775
0.00476
0.00473
0.00471
0.00467
0.004645
0.0046
0.004565
0.00458
0.00466
0.004805
0.00495
0.00513
0.00537
0.00564
0.00589
0.00606
0.006095
0.00595
0.00561
0.005185
0.004845
0.00466
0.004615
0.00463
0.004675
0.00472
0.004725
0.00471
0.004725
0.004705
0.00472
0.00472
0.00472
0.004715
0.004695
0.004695
0.004705
0.004705
0.004725
0.00472
0.004715
0.004725
0.004715
0.004725
0.00472
0.004725
0.004705
0.004695
0.00471
0.00472
0.004715
0.004715
0.004705
0.004695
0.0047
0.00471
0.004705
0.004705
0.00469
0.004675
0.004695
0.004685
0.0047
0.0047
0.00469
0.00468
0.004695
0.004705
0.00472
0.00471
0.0047
0.004695
0.0047
0.00471
0.00471
0.0047
0.004695
0.004685
0.00469
0.00469
0.004705
0.004695
0.004695
0.00468
0.004695
0.004705
0.00471
0.004705
0.0047
0.004675
0.004675
0.0047
0.0047
0.004695
0.00468
0.00468
0.004675
0.00469
0.00468
0.004665
0.004655
0.00465
0.004655
0.004675
0.00466
0.004655
0.00465
0.00464
0.00464
0.00465
0.00467
0.00466
0.004665
0.00467
0.0047
0.004725
0.004745
0.00474
0.00476
0.00476
0.00478
0.004805
0.004825
0.004825
0.00483
0.00482
0.004835
0.00484
0.00486
0.004865
0.00486
0.00486
0.004865
0.00487
0.004885
0.004885
0.00489
0.004875
0.004885
0.0049
0.0049
0.00488
0.004875
0.004875
0.004875
0.00489
0.00489
0.00488
0.004865
0.004865
0.00486
0.004875
0.004875
0.00487
0.004855
0.00486
0.004865
0.00487
0.00487
0.00487
0.00486
0.004855
0.00485
0.004855
0.004865
0.00485
0.004855
0.004835
0.004855
0.004865
0.00487
0.004855
0.004845
0.004845
0.00485
0.00483
0.004835
0.004835
0.004825
0.00482
0.00482
0.004835
0.00485
0.00484
0.00483
0.004815
0.00483
0.004835
0.004845
0.00484
0.00483
0.004825
0.00483
0.00484
0.00484
0.004835
0.004845
0.00484
0.00485
0.004855
0.004855
0.00485
0.004855
0.004845
0.00484
0.004845
0.004855
0.004865
0.004845
0.00484
0.00487
0.00488
0.004885
0.004895
0.004885
0.004875
0.0049
0.004915
0.004925
0.004935
0.004925
0.004925
0.00494
0.004965
0.00497
0.00498
0.004975
0.00497
0.004975
0.004975
0.00497
0.004965
0.004955
0.004945
0.00496
0.00498
0.00498
0.004955
0.00494
0.00495
0.00497
0.005
0.005025
0.005005
0.004965
0.004915
0.00491
0.0049
0.0049
0.00488
0.00485
0.004825
0.004835
0.00484
0.00484
0.004845
0.00484
0.00482
0.004835
0.00484
0.004835
0.00483
0.00483
0.00481
0.004805
0.00481
0.004815
0.00482
0.004815
0.00481
0.0048
0.00482
0.00483
0.004815
0.004805
0.00478
0.00477
0.00474
0.004715
0.004705
0.004655
0.004615
0.00463
0.0047
0.00485
0.00501
0.00516
0.005365
0.00565
0.00592
0.00615
0.006275
0.0063
0.00618
0.005875
0.005445
0.00505
0.00477
0.004655
0.00466
0.00472
0.00476
0.00479
0.00479
0.004765
0.004755
0.004775
0.004775
0.00478
0.00478
0.004765
0.00476
0.00476
0.004755
0.004775
0.004765
0.00475
0.00474
0.00476
0.00477
0.004765
0.004755
0.00475
0.004745
0.004755
0.004745
0.00475
0.004765
0.004745
0.00474
0.00474
0.004745
0.00476
0.00476
0.00476
0.004755
0.00475
0.00476
0.004765
0.004765
0.00477
0.004755
0.004765
0.004765
0.004775
0.004775
0.004765
0.004745
0.00475
0.004755
0.00477
0.004755
0.00475
0.004745
0.00475
0.004755
0.004765
0.00474
0.004735
0.004725
0.00474
0.004745
0.004755
0.004745
0.004735
0.00474
0.004755
0.00476
0.00478
0.004765
0.00476
0.00475
0.004745
0.00476
0.00477
0.004755
0.00475
0.004725
0.00475
0.00475
0.00475
0.00475
0.004735
0.004735
0.004735
0.004745
0.004745
0.00475
0.00474
0.004745
0.004755
0.00476
0.004775
0.00478
0.00478
0.004785
0.004805
0.00482
0.004835
0.004855
0.00486
0.004865
0.00487
0.00489
0.004895
0.0049
0.00489
0.004885
0.004895
0.0049
0.00489
0.004905
0.004895
0.004885
0.004905
0.0049
0.00491
0.0049
0.0049
0.00489
0.00489
0.004905
0.00492
0.00491
0.0049
0.0049
0.004895
0.004905
0.004905
0.00491
0.00489
0.004885
0.004885
0.004885
0.00489
0.004905
0.00488
0.00487
0.004855
0.004885
0.00489
0.00488
0.004875
0.00486
0.004885
0.00487
0.00489
0.004895
0.00487
0.004875
0.00488
0.00488
0.00488
0.00488
0.004865
0.004855
0.004855
0.004865
0.00487
0.004855
0.004845
0.004835
0.004845
0.004855
0.004855
0.00484
0.004835
0.00482
0.004825
0.00484
0.00484
0.004845
0.004835
0.00483
0.00484
0.004845
0.004855
0.004855
0.004855
0.004845
0.00484
0.00485
0.004845
0.004865
0.004865
0.00486
0.004875
0.004895
0.004905
0.004915
0.00491
0.004905
0.004915
0.004925
0.00492
0.004925
0.004935
0.004935
0.004955
0.004965
0.004985
0.00498
0.00499
0.00497
0.00498
0.004975
0.004985
0.00497
0.00497
0.00497
0.004985
0.004975
0.004995
0.005015
0.00501
0.00498
0.00494
0.004925
0.00491
0.004905
0.004885
0.004875
0.004855
0.00485
0.004855
0.00485
0.004845
0.004845
0.00484
0.004855
0.004855
0.00485
0.004835
0.004825
0.004835
0.004835
0.00484
0.00483
0.004835
0.00481
0.00482
0.00483
0.004825
0.004815
0.004805
0.004805
0.004815
0.00479
0.004765
0.004725
0.004705
0.004695
0.004685
0.00465
0.0046
0.00457
0.004585
0.00462
0.004735
0.00487
0.00502
0.0052
0.00543
0.00571
0.00598
0.006165
0.00623
0.00613
0.005835
0.005385
0.004985
0.004735
0.004685
0.00471
0.00476
0.004775
0.00479
0.004795
0.00479
0.004795
0.004785
0.004755
0.004765
0.004785
0.00479
0.004775
0.004775
0.004775
0.00477
0.00477
0.004775
0.004775
0.00476
0.00477
0.004775
0.004775
0.00478
0.004775
0.004775
0.004765
0.004775
0.004775
0.004785
0.00478
0.004775
0.00477
0.00477
0.00478
0.004785
0.00478
0.004795
0.004785
0.004785
0.0048
0.0048
0.004795
0.004785
0.00478
0.00477
0.00478
0.00479
0.00479
0.00477
0.00477
0.00477
0.004775
0.004785
0.004775
0.004765
0.00474
0.004755
0.004765
0.00478
0.00478
0.00476
0.004765
0.00477
0.004775
0.00479
0.00478
0.00477
0.00476
0.004755
0.00477
0.00477
0.00476
0.00476
0.004755
0.00476
0.004765
0.004765
0.00477
0.004765
0.004745
0.00475
0.00476
0.00478
0.004775
0.00477
0.004755
0.00476
0.004775
0.004775
0.00477
0.00477
0.004765
0.004775
0.00478
0.004805
0.00481
0.00481
0.004815
0.004835
0.00486
0.00488
0.004885
0.00488
0.00488
0.004895
0.004895
0.004905
0.0049
0.004905
0.0049
0.0049
0.00491
0.00492
0.00491
0.00492
0.0049
0.004905
0.004915
0.004915
0.00491
0.004905
0.00489
0.004905
0.00492
0.00492
0.004925
0.004915
0.00491
0.004915
0.00491
0.004915
0.00492
0.004915
0.0049
0.004895
0.004905
0.004895
0.0049
0.0049
0.00488
0.004875
0.00489
0.004895
0.004895
0.0049
0.00488
0.004875
0.004875
0.004885
0.00489
0.004875
0.00487
0.00487
0.004875
0.004875
0.004875
0.004875
0.004865
0.004875
0.00487
0.004875
0.00487
0.00487
0.004865
0.004855
0.00485
0.00487
0.00485
0.004855
0.00484
0.00484
0.004855
0.004865
0.004865
0.00485
0.00485
0.00485
0.00486
0.004865
0.00487
0.004845
0.004845
0.004855
0.00486
0.004865
0.004865
0.004855
0.004855
0.00486
0.004855
0.004865
0.00487
0.004865
0.00487
0.00487
0.00488
0.00489
0.0049
0.004895
0.004895
0.004905
0.00492
0.004945
0.00495
0.004945
0.00493
0.00493
0.004945
0.00496
0.00497
0.004985
0.004975
0.004985
0.005
0.00499
0.00499
0.00497
0.00496
0.00496
0.004975
0.004985
0.004985
0.00497
0.00496
0.00498
0.005015
0.005025
0.005015
0.00497
0.004925
0.00491
0.00491
0.004915
0.004895
0.004865
0.004855
0.004845
0.004845
0.004845
0.004835
0.00484
0.00483
0.004825
0.00483
0.00484
0.00484
0.00483
0.00483
0.00483
0.00483
0.00484
0.00483
0.004835
0.004825
0.00482
0.004825
0.004825
0.004825
0.0048
0.00477
0.00476
0.004745
0.00473
0.004725
0.00471
0.004705
0.0047
0.00465
0.0046
0.004575
0.00461
0.00471
0.004865
0.005025
0.005225
0.0055
0.005785
0.00599
0.00609
0.00603
0.00575
0.0053
0.004915
0.004675
0.004635
0.0047
0.004765
0.00478
0.004755
0.004735
0.004745
0.00476
0.00477
0.004775
0.004775
0.004755
0.004745
0.004755
0.00476
0.004755
0.004755
0.004755
0.004755
0.00477
0.00478
0.00477
0.004755
0.004755
0.004755
0.00476
0.00475
0.004745
0.00474
0.00474
0.004735
0.00475
0.00477
0.00476
0.00475
0.00474
0.00475
0.00476
0.004785
0.004765
0.00476
0.00474
0.004755
0.00476
0.00476
0.004765
0.00474
0.004735
0.004745
0.00475
0.00475
0.00474
0.004735
0.004725
0.004735
0.00475
0.00476
0.00476
0.004755
0.004745
0.004745
0.004755
0.004765
0.00476
0.004755
0.00475
0.00476
0.00476
0.00477
0.00477
0.00476
0.004755
0.00477
0.00477
0.00476
0.00477
0.004755
0.004745
0.00475
0.004745
0.004745
0.004735
0.00472
0.004715
0.004715
0.00473
0.004725
0.004735
0.00473
0.00472
0.004715
0.00473
0.004745
0.004745
0.004745
0.004745
0.00476
0.004775
0.0048
0.004805
0.004805
0.004805
0.00481
0.00483
0.00484
0.004845
0.004835
0.004835
0.004845
0.004875
0.00486
0.00486
0.004855
0.00486
0.00486
0.004875
0.00489
0.004885
0.00487
0.00487
0.004875
0.00488
0.004895
0.00489
0.00488
0.004865
0.00487
0.00487
0.00488
0.00487
0.00486
0.004855
0.004855
0.004875
0.004885
0.00488
0.004865
0.004855
0.004845
0.004855
0.00486
0.004855
0.004855
0.00484
0.00485
0.004855
0.00486
0.00486
0.00486
0.00485
0.004835
0.004845
0.004835
0.00484
0.004825
0.00482
0.004835
0.00484
0.004835
0.004825
0.00481
0.0048
0.00481
0.00482
0.00482
0.00482
0.00481
0.004805
0.004805
0.004815
0.00482
0.004825
0.004805
0.0048
0.004815
0.00483
0.00483
0.004815
0.004805
0.004795
0.00481
0.00481
0.00483
0.004815
0.00481
0.00478
0.00479
0.004805
0.00481
0.004815
0.00481
0.0048
0.004815
0.004825
0.004825
0.004825
0.004825
0.004815
0.00482
0.00483
0.004835
0.004835
0.00482
0.00481
0.004825
0.004825
0.004845
0.004845
0.004835
0.004835
0.004835
0.00485
0.004865
0.004875
0.004875
0.004865
0.00487
0.00489
0.0049
0.00491
0.00492
0.004915
0.00492
0.00493
0.00493
0.00492
0.00492
0.004905
0.00491
0.00491
0.004905
0.00492
0.00491
0.004895
0.004895
0.004905
0.004925
0.004945
0.00492
0.004885
0.004885
0.004865
0.004865
0.004845
0.00482
0.004805
0.004805
0.004795
0.00479
0.004785
0.00478
0.004785
0.004785
0.00478
0.004795
0.00479
0.004775
0.004755
0.00476
0.004765
0.004775
0.004795
0.004775
0.004775
0.00476
0.004775
0.004775
0.00477
0.004765
0.00476
0.004775
0.004785
0.00479
0.004785
0.00476
0.004725
0.004705
0.00466
0.004675
0.00463
0.004585
0.004575
0.00464
0.004765
0.00491
0.005085
0.005305
0.00556
0.00583
0.00599
0.006025
0.005895
0.005575
0.005175
0.004855
0.004665
0.004625
0.00464
0.004665
0.00468
0.004705
0.00472
0.00472
0.00472
0.004705
0.0047
0.004705
0.00472
0.004725
0.004725
0.00472
0.004705
0.0047
0.004705
0.00472
0.00471
0.00471
0.004695
0.00469
0.004715
0.004705
0.004715
0.004705
0.0047
0.00471
0.00472
0.004735
0.00473
0.004715
0.0047
0.004725
0.004735
0.004725
0.00472
0.004715
0.0047
0.004705
0.004715
0.00472
0.00472
0.004705
0.00469
0.0047
0.00471
0.004715
0.00471
0.0047
0.00469
0.004695
0.00469
0.004705
0.004705
0.0047
0.00468
0.004695
0.004705
0.00471
0.004695
0.0047
0.0047
0.0047
0.004705
0.00471
0.004705
0.004705
0.00469
0.00469
0.004695
0.004705
0.00469
0.004675
0.004665
0.004675
0.00468
0.004665
0.00467
0.004665
0.004645
0.004645
0.004655
0.00465
0.00465
0.004635
0.00463
0.004635
0.004645
0.00466
0.00465
0.00465
0.00464
0.00465
0.00467
0.004685
0.00468
0.00467
0.004675
0.004675
0.004695
0.00472
0.00473
0.00473
0.004745
0.004765
0.004785
0.00479
0.004795
0.00481
0.00481
0.00482
0.00483
0.004845
0.00484
0.00484
0.00483
0.00484
0.00485
0.004865
0.00486
0.004845
0.00485
0.00486
0.004865
0.004875
0.00487
0.00487
0.004855
0.00485
0.00487
0.00488
0.00488
0.004865
0.004855
0.00484
0.004855
0.004865
0.00486
0.004845
0.004835
0.00484
0.00485
0.00485
0.00484
0.00484
0.004835
0.00484
0.00485
0.004865
0.004855
0.004845
0.00484
0.00484
0.004845
0.004855
0.004845
0.00485
0.00484
0.00482
0.004835
0.00484
0.00484
0.004835
0.004825
0.00484
0.004845
0.00484
0.00484
0.004835
0.00483
0.00481
0.00483
0.00484
0.00484
0.00483
0.004825
0.004835
0.004855
0.00484
0.00484
0.004825
0.004835
0.00483
0.00485
0.004845
0.00485
0.004835
0.00483
0.004835
0.004835
0.004845
0.004845
0.004845
0.00484
0.004845
0.004865
0.00487
0.004865
0.00486
0.00486
0.00486
0.00488
0.00489
0.00489
0.004885
0.00487
0.004885
0.0049
0.004915
0.004925
0.004915
0.00491
0.00492
0.00495
0.00495
0.00496
0.00496
0.00495
0.004965
0.004975
0.004985
0.00497
0.00495
0.004935
0.00496
0.004955
0.004965
0.004965
0.004975
0.004965
0.004985
0.005015
0.005025
0.004995
0.004945
0.004915
0.00491
0.004915
0.00491
0.00489
0.004875
0.004855
0.00485
0.004845
0.00484
0.004845
0.004845
0.004835
0.00484
0.00484
0.004845
0.004835
0.004825
0.004825
0.00482
0.004835
0.004835
0.00484
0.00483
0.004815
0.004815
0.004825
0.004835
0.004825
0.00479
0.004775
0.00474
0.00473
0.004705
0.004675
0.00464
0.004665
0.00475
0.00492
0.00509
0.00528
0.005525
0.005805
0.006055
0.00619
0.006155
0.005895
0.005455
0.00499
0.004725
0.00466
0.00472
0.00478
0.004795
0.00479
0.004775
0.004775
0.004795
0.004795
0.004785
0.004775
0.004765
0.004785
0.0048
0.00479
0.004795
0.00478
0.00478
0.00479
0.004795
0.00479
0.004785
0.004775
0.004775
0.00479
0.004795
0.00479
0.004785
0.00476
0.00478
0.00478
0.00479
0.00479
0.004775
0.004775
0.004775
0.00478
0.004785
0.0048
0.00479
0.00478
0.00479
0.0048
0.004805
0.00481
0.004795
0.004785
0.004785
0.0048
0.004795
0.00479
0.004775
0.00476
0.004775
0.004785
0.00479
0.004785
0.00478
0.004765
0.00478
0.004785
0.0048
0.004795
0.004795
0.00479
0.00479
0.004795
0.004795
0.00479
0.004785
0.00478
0.00478
0.004775
0.004785
0.00478
0.004775
0.00477
0.00475
0.004765
0.00477
0.00478
0.004765
0.004755
0.00476
0.004775
0.004775
0.00478
0.00478
0.004775
0.00479
0.004805
0.00482
0.004835
0.004835
0.00483
0.004855
0.00487
0.004885
0.004885
0.004895
0.004895
0.004895
0.00491
0.004925
0.00492
0.00492
0.00491
0.00492
0.00493
0.004945
0.00494
0.00494
0.00492
0.00493
0.004945
0.00495
0.004945
0.004945
0.00493
0.00493
0.004935
0.004935
0.004935
0.00492
0.004915
0.004915
0.004925
0.00493
0.00493
0.004915
0.004905
0.004905
0.004905
0.004915
0.00491
0.004905
0.004885
0.004895
0.004905
0.004915
0.004905
0.004905
0.00489
0.0049
0.0049
0.004905
0.004905
0.00489
0.00487
0.004875
0.00488
0.004885
0.004885
0.004875
0.004865
0.004865
0.004875
0.004885
0.004885
0.004865
0.00486
0.004865
0.004875
0.00488
0.004875
0.004875
0.00487
0.00488
0.004875
0.004885
0.004875
0.00488
0.00486
0.004855
0.00487
0.00487
0.004885
0.004865
0.004865
0.00487
0.00488
0.00489
0.00491
0.0049
0.0049
0.004915
0.00492
0.004945
0.004945
0.004945
0.00494
0.004955
0.00497
0.004985
0.004995
0.004995
0.004995
0.004995
0.00501
0.005005
0.004995
0.00498
0.00496
0.00497
0.004985
0.00499
0.00501
0.005015
0.00502
0.00502
0.004995
0.00497
0.004935
0.00493
0.0049
0.004905
0.0049
0.0049
0.0049
0.004885
0.00486
0.004875
0.00488
0.00488
0.00488
0.00487
0.004835
0.00486
0.004865
0.004865
0.00485
0.004845
0.004835
0.00484
0.00485
0.00486
0.00486
0.004845
0.004835
0.00483
0.004845
0.00485
0.00484
0.004815
0.004775
0.004735
0.004725
0.004705
0.00464
0.00461
0.004635
0.00472
0.004835
0.00496
0.00505
0.005125
0.00525
0.005465
0.00574
0.00598
0.006155
0.00622
0.006135
0.005855
0.005435
0.005035
0.00476
0.00468
0.004695
0.004775
0.00481
0.00482
0.004805
0.004795
0.004785
0.00479
0.0048
0.004805
0.00481
0.0048
0.004795
0.00479
0.004805
0.004815
0.004795
0.0048
0.00478
0.004775
0.00479
0.00479
0.0048
0.00479
0.004775
0.004785
0.0048
0.0048
0.004805
0.0048
0.00476
0.004775
0.00478
0.004805
0.004805
0.004805
0.004805
0.00481
0.004815
0.004825
0.004825
0.00481
0.004805
0.00481
0.004815
0.00481
0.0048
0.00479
0.004785
0.00479
0.0048
0.004805
0.0048
0.004795
0.00478
0.00478
0.004795
0.004805
0.0048
0.004785
0.004785
0.004785
0.004795
0.0048
0.00481
0.004795
0.004785
0.0048
0.004785
0.004795
0.004795
0.004775
0.00477
0.00478
0.004795
0.0048
0.004795
0.004775
0.00477
0.004775
0.00477
0.00479
0.00479
0.00478
0.004775
0.004795
0.004805
0.00482
0.004815
0.004825
0.004835
0.00484
0.004865
0.00488
0.004885
0.004885
0.004885
0.004885
0.0049
0.004905
0.00492
0.00491
0.004895
0.004895
0.004915
0.00492
0.00492
0.004925
0.00491
0.004905
0.00493
0.004925
0.004925
0.00492
0.004905
0.00492
0.00492
0.00492
0.00493
0.004915
0.004905
0.0049
0.00491
0.00492
0.004905
0.0049
0.00488
0.004875
0.004895
0.004905
0.004895
0.004895
0.00489
0.004895
0.004895
0.00491
0.0049
0.004895
0.00488
0.004885
0.00489
0.004885
0.0049
0.00488
0.00486
0.00485
0.00487
0.00488
0.00487
0.004865
0.004845
0.00484
0.004845
0.00485
0.004865
0.004845
0.004845
0.004845
0.004855
0.00486
0.004865
0.00486
0.004855
0.00487
0.004865
0.00487
0.00486
0.00486
0.00485
0.00485
0.004865
0.00487
0.00488
0.00486
0.00485
0.00486
0.00487
0.00489
0.00489
0.004875
0.00487
0.00489
0.004915
0.00493
0.00493
0.004935
0.004935
0.004945
0.00496
0.004965
0.004965
0.00496
0.00497
0.004985
0.005
0.005005
0.00501
0.004985
0.004975
0.004965
0.004965
0.00497
0.00497
0.004975
0.004965
0.00498
0.005
0.00503
0.005045
0.005025
0.00499
0.00497
0.004945
0.00495
0.004945
0.004925
0.004905
0.004885
0.004885
0.004875
0.00486
0.004835
0.004825
0.00483
0.00484
0.00484
0.00485
0.00483
0.004835
0.004815
0.004825
0.004835
0.004825
0.004825
0.004815
0.004815
0.00482
0.00483
0.004835
0.00482
0.004815
0.004805
0.004795
0.004785
0.004735
0.004715
0.00469
0.004675
0.004635
0.004585
0.00457
0.00459
0.00466
0.004775
0.00491
0.00507
0.00526
0.005485
0.00574
0.00595
0.006065
0.006005
0.005775
0.005385
0.00497
0.004725
0.004665
0.0047
0.004755
0.004785
0.004765
0.00476
0.00477
0.00478
0.00478
0.004765
0.004755
0.00476
0.004775
0.004765
0.004775
0.004765
0.004765
0.00476
0.004765
0.004775
0.00477
0.00477
0.00475
0.004765
0.00478
0.004785
0.004775
0.004755
0.00475
0.00474
0.004755
0.004755
0.00476
0.004765
0.00475
0.00477
0.00477
0.00478
0.00478
0.00478
0.004775
0.00476
0.004775
0.004775
0.004775
0.004775
0.004755
0.00476
0.00475
0.00476
0.004765
0.00475
0.004735
0.00474
0.00475
0.004755
0.004745
0.004745
0.004735
0.00473
0.00474
0.00475
0.00476
0.00476
0.00475
0.00475
0.00476
0.00477
0.00476
0.004745
0.00474
0.004745
0.00473
0.004735
0.004735
0.004725
0.004705
0.004715
0.00472
0.00473
0.004735
0.00473
0.004715
0.004725
0.00474
0.004745
0.00476
0.00477
0.00477
0.004775
0.004785
0.0048
0.00481
0.004805
0.004805
0.004805
0.00482
0.00483
0.00483
0.00482
0.004825
0.00484
0.004845
0.00486
0.004865
0.004855
0.00485
0.004845
0.004865
0.004875
0.004875
0.00487
0.004855
0.004865
0.004885
0.00488
0.004885
0.004855
0.00485
0.004845
0.004865
0.004875
0.004865
0.00485
0.00484
0.00484
0.004845
0.004845
0.004845
0.00482
0.004825
0.004835
0.004855
0.004855
0.00486
0.00484
0.004825
0.00482
0.00483
0.00484
0.004835
0.00482
0.00481
0.004795
0.00481
0.00482
0.004815
0.00481
0.004795
0.0048
0.00481
0.00481
0.004815
0.0048
0.004795
0.004795
0.004815
0.00481
0.00481
0.004805
0.004795
0.0048
0.0048
0.0048
0.00481
0.004815
0.004805
0.0048
0.0048
0.00481
0.00481
0.004795
0.004785
0.004795
0.004795
0.004815
0.00481
0.0048
0.004785
0.0048
0.004805
0.004825
0.00482
0.00481
0.0048
0.00479
0.00481
0.004825
0.004835
0.004835
0.00482
0.00483
0.004845
0.004855
0.00486
0.00487
0.004875
0.004875
0.00488
0.0049
0.00491
0.0049
0.004895
0.0049
0.00492
0.004925
0.004925
0.004905
0.004885
0.004885
0.00491
0.004925
0.00492
0.00491
0.00492
0.004945
0.004955
0.004935
0.0049
0.00487
0.00483
0.004815
0.0048
0.004795
0.00479
0.00478
0.004755
0.00477
0.00479
0.0048
0.00479
0.004785
0.004765
0.00476
0.004765
0.00478
0.004785
0.00477
0.00476
0.004765
0.004765
0.00477
0.004775
0.00478
0.00476
0.00476
0.00476
0.004775
0.00477
0.00477
0.00474
0.004725
0.00469
0.00468
0.004665
0.00464
0.00459
0.00454
0.00453
0.0046
0.004715
0.004845
0.004985
0.00521
0.005475
0.005735
0.00592
0.005995
0.005875
0.00555
0.005155
0.00485
0.004665
0.0046
0.00461
0.00466
0.004695
0.004715
0.004705
0.004705
0.004695
0.004695
0.004695
0.004705
0.004705
0.004685
0.00468
0.004695
0.004715
0.00472
0.004725
0.004715
0.004695
0.0047
0.004705
0.00471
0.0047
0.004685
0.004685
0.004685
0.0047
0.004705
0.004705
0.0047
0.00469
0.00468
0.0047
0.0047
0.004695
0.004685
0.00468
0.004675
0.004685
0.004695
0.004695
0.004685
0.004675
0.00468
0.004685
0.004705
0.00471
0.004695
0.00469
0.004695
0.00471
0.004715
0.00472
0.004705
0.004685
0.00469
0.00469
0.004695
0.0047
0.00469
0.004675
0.00468
0.0047
0.00469
0.00469
0.00469
0.004685
0.004675
0.00469
0.004695
0.0047
0.00468
0.004675
0.00467
0.00467
0.00467
0.00466
0.00465
0.004635
0.00464
0.004635
0.00466
0.00465
0.004645
0.00464
0.004645
0.004655
0.004665
0.00467
0.004675
0.004675
0.00469
0.00471
0.004725
0.00474
0.00474
0.004755
0.004765
0.00479
0.0048
0.00481
0.004815
0.0048
0.004805
0.004825
0.004835
0.004835
0.004825
0.004825
0.00484
0.004845
0.004855
0.004855
0.004855
0.004845
0.00485
0.004855
0.00487
0.00486
0.00486
0.00483
0.00484
0.004845
0.00486
0.00486
0.004845
0.004835
0.004835
0.004835
0.00485
0.00484
0.004835
0.004835
0.004845
0.004855
0.00486
0.004855
0.00485
0.004835
0.00484
0.004845
0.00484
0.00484
0.00483
0.00483
0.004825
0.00483
0.00484
0.004835
0.004825
0.00482
0.004815
0.004825
0.004825
0.00482
0.004825
0.004815
0.004815
0.00482
0.00483
0.004845
0.00484
0.00483
0.00483
0.00484
0.00484
0.004855
0.00485
0.004835
0.00483
0.004855
0.004845
0.004835
0.004825
0.004825
0.00482
0.00483
0.004825
0.004835
0.00482
0.004815
0.004815
0.00482
0.004825
0.004835
0.004835
0.00483
0.004815
0.004845
0.00485
0.00486
0.00486
0.004855
0.00486
0.004875
0.00489
0.004895
0.004895
0.004895
0.004895
0.004905
0.004925
0.00493
0.00493
0.00493
0.004925
0.004945
0.00495
0.004955
0.00494
0.004925
0.004945
0.00495
0.00496
0.00496
0.004955
0.00497
0.00498
0.004975
0.004945
0.004905
0.004885
0.004875
0.00486
0.004855
0.004855
0.00484
0.00481
0.00481
0.0048
0.004815
0.00482
0.004815
0.004805
0.004795
0.0048
0.004815
0.0048
0.004815
0.004805
0.0048
0.00479
0.004805
0.00481
0.004815
0.004795
0.00479
0.004795
0.004795
0.0048
0.00479
0.004775
0.00475
0.004745
0.004705
0.004685
0.004665
0.00463
0.00457
0.004555
0.00459
0.00469
0.004815
0.004975
0.00511
0.00534
0.0056
0.00585
0.00603
0.006095
0.006
0.00574
0.00535
0.00499
0.004725
0.00463
0.00464
0.00469
0.00474
0.004745
0.00474
0.004745
0.004725
0.004735
0.004745
0.004745
0.004735
0.00473
0.004715
0.004725
0.00473
0.004745
0.00474
0.00472
0.004725
0.004715
0.00473
0.004745
0.004745
0.004735
0.004735
0.004725
0.00474
0.004745
0.00474
0.004745
0.00473
0.004725
0.004745
0.004735
0.00473
0.00473
0.00473
0.00473
0.00474
0.00476
0.004745
0.004745
0.00473
0.00473
0.00474
0.004745
0.004745
0.00474
0.004735
0.00472
0.004725
0.004745
0.004745
0.004725
0.00472
0.004725
0.004735
0.004735
0.004735
0.004735
0.004715
0.00472
0.00473
0.00474
0.00474
0.00474
0.00473
0.00474
0.004745
0.004755
0.004765
0.00475
0.00473
0.004735
0.00474
0.004745
0.00474
0.00472
0.00471
0.004715
0.004735
0.00474
0.00473
0.00472
0.004705
0.004705
0.00471
0.004725
0.00471
0.00472
0.004705
0.004715
0.004725
0.00473
0.004735
0.004745
0.004735
0.004745
0.004755
0.00477
0.00478
0.00478
0.004775
0.004785
0.00482
0.004835
0.004835
0.00483
0.004845
0.004845
0.00486
0.004865
0.00487
0.00487
0.00487
0.00487
0.004875
0.00488
0.00489
0.00488
0.004865
0.004875
0.004875
0.004875
0.00488
0.004875
0.00487
0.004865
0.00487
0.00488
0.004875
0.00487
0.004855
0.004855
0.004865
0.00487
0.004855
0.00485
0.004845
0.004845
0.00486
0.004865
0.004855
0.00486
0.004845
0.00485
0.00486
0.00487
0.004865
0.00486
0.004835
0.00484
0.00484
0.004855
0.00483
0.00484
0.00482
0.004825
0.004845
0.00483
0.004835
0.00483
0.004815
0.00481
0.00482
0.00482
0.00482
0.004815
0.004785
0.0048
0.004815
0.004815
0.00483
0.00482
0.00481
0.004815
0.00481
0.004825
0.00482
0.004805
0.004805
0.004805
0.004815
0.00481
0.00481
0.004805
0.00479
0.00481
0.004815
0.00483
0.00482
0.00482
0.00483
0.004855
0.004865
0.00487
0.004865
0.004875
0.004865
0.004885
0.004885
0.0049
0.0049
0.004895
0.004895
0.004905
0.004915
0.00494
0.00493
0.00492
0.00492
0.004925
0.004925
0.00493
0.004915
0.00491
0.00491
0.00492
0.00493
0.004935
0.004955
0.00497
0.004955
0.00494
0.004925
0.004895
0.00489
0.00488
0.00484
0.00483
0.004825
0.00483
0.00482
0.0048
0.004785
0.0048
0.0048
0.004805
0.004805
0.004795
0.00478
0.004785
0.004785
0.0048
0.004795
0.00478
0.004765
0.004775
0.004785
0.004805
0.00479
0.004785
0.004765
0.004775
0.004795
0.004805
0.0048
0.004785
0.004765
0.004745
0.004725
0.004675
0.004655
0.00462
0.00457
0.004545
0.00458
0.00467
0.004815
0.00495
0.005125
0.00535
0.00563
0.00586
0.006035
0.006105
0.00606
0.00585
0.005495
0.005105
0.0048
0.004645
0.004635
0.00467
0.00472
0.004755
0.00476
0.004735
0.004735
0.00473
0.004745
0.00475
0.004735
0.004735
0.004715
0.004715
0.00473
0.00472
0.00473
0.00472
0.00472
0.00471
0.00472
0.004725
0.00472
0.004705
0.00471
0.00472
0.00472
0.004725
0.00473
0.00473
0.004725
0.004725
0.004735
0.004735
0.004735
0.00472
0.004705
0.00471
0.00472
0.004725
0.00473
0.00473
0.0047
0.004715
0.00471
0.004725
0.004715
0.004715
0.004705
0.004705
0.004705
0.004715
0.004725
0.0047
0.0047
0.00471
0.00471
0.00472
0.00472
0.00472
0.00472
0.004725
0.004735
0.004745
0.004735
0.00471
0.00471
0.00472
0.00473
0.00472
0.004725
0.00471
0.0047
0.00469
0.004715
0.00472
0.004715
0.004695
0.004695
0.004705
0.00471
0.00472
0.00471
0.00471
0.00469
0.00469
0.004705
0.00472
0.004715
0.004715
0.0047
0.004715
0.00472
